v[0] = 1.5557538194652854E-61
v[1] = 1.2272733663244324E9
v[2] = 1.2272733663244324E9
v[3] = 1.2272733663244324E9

